1.00 0.00 0.00 0.00 0.00 0.00 1.00 1.30 0.00
1.00 0.00 0.00 0.00 0.00 0.00 1.00 1.63 0.00
1.00 0.00 0.00 0.00 0.00 0.00 1.00 1.70 0.00
1.00 0.00 0.00 0.00 0.00 0.00 1.00 1.37 0.00
1.00 0.00 0.00 0.00 0.00 0.00 1.00 1.39 0.00
1.00 0.00 0.00 0.00 0.00 0.00 1.00 1.74 0.00
1.00 0.00 0.00 0.00 0.00 0.00 1.00 1.32 0.00
1.00 0.00 0.00 0.00 0.00 0.00 1.00 1.50 0.00
1.00 0.00 0.00 0.00 0.00 0.00 1.00 1.57 0.00
1.00 0.00 0.00 0.00 0.00 0.00 1.00 1.30 0.00
1.00 0.00 0.00 0.00 0.00 0.00 1.00 1.90 0.00
1.00 0.00 0.00 0.00 0.00 0.00 1.00 1.59 0.00
1.00 0.00 0.00 0.00 0.00 0.00 1.00 1.40 0.00
1.00 0.00 0.00 0.00 0.00 0.00 1.00 1.27 0.00
1.00 0.00 0.00 0.00 0.00 0.00 1.00 1.48 0.00
0.00 1.00 0.00 0.00 0.00 0.00 1.00 1.44 0.00
0.00 1.00 0.00 0.00 0.00 0.00 1.00 1.63 0.00
0.00 1.00 0.00 0.00 0.00 0.00 1.00 1.74 0.00
0.00 1.00 0.00 0.00 0.00 0.00 1.00 1.44 0.00
0.00 1.00 0.00 0.00 0.00 0.00 1.00 1.63 0.00
0.00 1.00 0.00 0.00 0.00 0.00 1.00 1.74 0.00
0.00 1.00 0.00 0.00 0.00 0.00 1.00 1.57 0.00
0.00 1.00 0.00 0.00 0.00 0.00 1.00 1.60 0.00
0.00 1.00 0.00 0.00 0.00 0.00 1.00 1.72 0.00
0.00 1.00 0.00 0.00 0.00 0.00 1.00 1.75 0.00
0.00 1.00 0.00 0.00 0.00 0.00 1.00 1.71 0.00
0.00 1.00 0.00 0.00 0.00 0.00 1.00 1.53 0.00
0.00 1.00 0.00 0.00 0.00 0.00 1.00 1.67 0.00
0.00 1.00 0.00 0.00 0.00 0.00 1.00 1.67 0.00
0.00 1.00 0.00 0.00 0.00 0.00 1.00 1.63 0.00
0.00 0.00 1.00 0.00 0.00 0.00 1.00 1.41 0.00
0.00 0.00 1.00 0.00 0.00 0.00 1.00 1.66 0.00
0.00 0.00 1.00 0.00 0.00 0.00 1.00 1.57 0.00
0.00 0.00 1.00 0.00 0.00 0.00 1.00 1.73 0.00
0.00 0.00 1.00 0.00 0.00 0.00 1.00 1.28 0.00
0.00 0.00 1.00 0.00 0.00 0.00 1.00 1.59 0.00
0.00 0.00 1.00 0.00 0.00 0.00 1.00 1.61 0.00
0.00 0.00 1.00 0.00 0.00 0.00 1.00 1.65 0.00
0.00 0.00 1.00 0.00 0.00 0.00 1.00 1.48 0.00
0.00 0.00 1.00 0.00 0.00 0.00 1.00 1.51 0.00
0.00 0.00 1.00 0.00 0.00 0.00 1.00 1.58 0.00
0.00 0.00 1.00 0.00 0.00 0.00 1.00 1.61 0.00
0.00 0.00 1.00 0.00 0.00 0.00 1.00 1.41 0.00
0.00 0.00 1.00 0.00 0.00 0.00 1.00 1.38 0.00
0.00 0.00 0.00 1.00 0.00 0.00 1.00 1.22 0.00
0.00 0.00 0.00 1.00 0.00 0.00 1.00 1.29 0.00
0.00 0.00 0.00 1.00 0.00 0.00 1.00 1.51 0.00
0.00 0.00 0.00 1.00 0.00 0.00 1.00 1.57 0.00
0.00 0.00 0.00 1.00 0.00 0.00 1.00 1.59 0.00
0.00 0.00 0.00 1.00 0.00 0.00 1.00 1.62 0.00
0.00 0.00 0.00 1.00 0.00 0.00 1.00 1.84 0.00
0.00 0.00 0.00 1.00 0.00 0.00 1.00 1.31 0.00
0.00 0.00 0.00 1.00 0.00 0.00 1.00 1.39 0.00
0.00 0.00 0.00 1.00 0.00 0.00 1.00 1.46 0.00
0.00 0.00 0.00 1.00 0.00 0.00 1.00 1.47 0.00
0.00 0.00 0.00 1.00 0.00 0.00 1.00 1.60 0.00
0.00 0.00 0.00 1.00 0.00 0.00 1.00 1.71 0.00
0.00 0.00 0.00 1.00 0.00 0.00 1.00 1.98 0.00
0.00 0.00 0.00 1.00 0.00 0.00 1.00 1.52 0.00
0.00 0.00 0.00 1.00 0.00 0.00 1.00 1.53 0.00
0.00 0.00 0.00 1.00 0.00 0.00 1.00 1.24 0.00
0.00 0.00 0.00 1.00 0.00 0.00 1.00 1.47 0.00
0.00 0.00 0.00 1.00 0.00 0.00 1.00 1.44 0.00
0.00 0.00 0.00 1.00 0.00 0.00 1.00 1.51 0.00
0.00 0.00 0.00 1.00 0.00 0.00 1.00 1.57 0.00
0.00 0.00 0.00 1.00 0.00 0.00 1.00 1.64 0.00
0.00 0.00 0.00 1.00 0.00 0.00 1.00 1.65 0.00
0.00 0.00 0.00 1.00 0.00 0.00 1.00 1.72 0.00
0.00 0.00 0.00 1.00 0.00 0.00 1.00 1.70 0.00
0.00 0.00 0.00 1.00 0.00 0.00 1.00 1.80 0.00
0.00 0.00 0.00 0.00 1.00 0.00 1.00 1.14 0.00
0.00 0.00 0.00 0.00 1.00 0.00 1.00 1.43 0.00
0.00 0.00 0.00 0.00 1.00 0.00 1.00 1.51 0.00
0.00 0.00 0.00 0.00 1.00 0.00 1.00 1.60 0.00
0.00 0.00 0.00 0.00 1.00 0.00 1.00 1.40 0.00
0.00 0.00 0.00 0.00 1.00 0.00 1.00 1.57 0.00
0.00 0.00 0.00 0.00 1.00 0.00 1.00 1.19 0.00
0.00 0.00 0.00 0.00 1.00 0.00 1.00 1.27 0.00
0.00 0.00 0.00 0.00 1.00 0.00 1.00 1.39 0.00
0.00 0.00 0.00 0.00 1.00 0.00 1.00 1.50 0.00
0.00 0.00 0.00 0.00 1.00 0.00 1.00 1.61 0.00
0.00 0.00 0.00 0.00 1.00 0.00 1.00 1.98 0.00
0.00 0.00 0.00 0.00 1.00 0.00 1.00 1.92 0.00
0.00 0.00 0.00 0.00 1.00 0.00 1.00 1.95 0.00
0.00 0.00 0.00 0.00 1.00 0.00 1.00 1.51 0.00
0.00 0.00 0.00 0.00 1.00 0.00 1.00 1.84 0.00
0.00 0.00 0.00 0.00 0.00 1.00 1.00 1.68 0.00
0.00 0.00 0.00 0.00 0.00 1.00 1.00 1.68 0.00
0.00 0.00 0.00 0.00 0.00 1.00 1.00 1.78 0.00
0.00 0.00 0.00 0.00 0.00 1.00 1.00 1.87 0.00
0.00 0.00 0.00 0.00 0.00 1.00 1.00 1.41 0.00
0.00 0.00 0.00 0.00 0.00 1.00 1.00 1.49 0.00
0.00 0.00 0.00 0.00 0.00 1.00 1.00 1.60 0.00
0.00 0.00 0.00 0.00 0.00 1.00 1.00 1.51 0.00
0.00 0.00 0.00 0.00 0.00 1.00 1.00 1.69 0.00
0.00 0.00 0.00 0.00 0.00 1.00 1.00 1.77 0.00
0.00 0.00 0.00 0.00 0.00 1.00 1.00 1.77 0.00
0.00 0.00 0.00 0.00 0.00 1.00 1.00 1.87 0.00
0.00 0.00 0.00 0.00 0.00 1.00 1.00 1.63 0.00
0.00 0.00 0.00 0.00 0.00 1.00 1.00 1.61 0.00
0.00 0.00 0.00 0.00 0.00 1.00 1.00 1.49 0.00
0.00 0.00 0.00 0.00 0.00 1.00 1.00 1.67 0.00
0.00 0.00 0.00 0.00 0.00 1.00 1.00 1.62 0.00
0.00 0.00 0.00 0.00 0.00 1.00 1.00 1.70 0.00
0.00 0.00 0.00 0.00 0.00 1.00 1.00 1.72 0.00
0.00 0.00 0.00 0.00 0.00 1.00 1.00 1.72 0.00
0.00 0.00 0.00 0.00 0.00 1.00 1.00 1.78 0.00
0.00 0.00 0.00 0.00 0.00 1.00 1.00 1.81 0.00
0.00 0.00 0.00 0.00 0.00 1.00 1.00 1.81 0.00
0.00 0.00 0.00 0.00 0.00 0.00 1.00 1.06 0.00
0.00 0.00 0.00 0.00 0.00 0.00 1.00 1.45 0.00
0.00 0.00 0.00 0.00 0.00 0.00 1.00 1.81 0.00
0.00 0.00 0.00 0.00 0.00 0.00 1.00 1.03 0.00
0.00 0.00 0.00 0.00 0.00 0.00 1.00 1.05 0.00
0.00 0.00 0.00 0.00 0.00 0.00 1.00 1.38 0.00
0.00 0.00 0.00 0.00 0.00 0.00 1.00 1.38 0.00
0.00 0.00 0.00 0.00 0.00 0.00 1.00 1.47 0.00
0.00 0.00 0.00 0.00 0.00 0.00 1.00 1.56 0.00
0.00 0.00 0.00 0.00 0.00 0.00 1.00 1.71 0.00
0.00 0.00 0.00 0.00 0.00 0.00 1.00 1.83 0.00
0.00 0.00 0.00 0.00 0.00 0.00 1.00 1.97 0.00
0.00 0.00 0.00 0.00 0.00 0.00 1.00 1.98 0.00
0.00 0.00 0.00 0.00 0.00 0.00 1.00 1.35 0.00
0.00 0.00 0.00 0.00 0.00 0.00 1.00 1.47 0.00
0.00 0.00 0.00 0.00 0.00 0.00 1.00 1.83 0.00
0.00 0.00 0.00 0.00 0.00 0.00 1.00 1.23 0.00
0.00 0.00 0.00 0.00 0.00 0.00 1.00 1.32 0.00
0.00 0.00 0.00 0.00 0.00 0.00 1.00 1.34 0.00
0.00 0.00 0.00 0.00 0.00 0.00 1.00 1.36 0.00
0.00 0.00 0.00 0.00 0.00 0.00 1.00 1.38 0.00
0.00 0.00 0.00 0.00 0.00 0.00 1.00 1.71 0.00
0.00 0.00 0.00 0.00 0.00 0.00 1.00 1.84 0.00
0.00 0.00 0.00 0.00 0.00 0.00 1.00 1.00 0.00
0.00 0.00 0.00 0.00 0.00 0.00 1.00 1.01 0.00
0.00 0.00 0.00 0.00 0.00 0.00 1.00 1.26 0.00
0.00 0.00 0.00 0.00 0.00 0.00 1.00 1.35 0.00
0.00 0.00 0.00 0.00 0.00 0.00 1.00 1.38 0.00
0.00 0.00 0.00 0.00 0.00 0.00 1.00 1.44 0.00
0.00 0.00 0.00 0.00 0.00 0.00 1.00 1.27 0.00
0.00 0.00 0.00 0.00 0.00 0.00 1.00 1.34 0.00
0.00 0.00 0.00 0.00 0.00 0.00 1.00 1.16 0.00
0.00 0.00 0.00 0.00 0.00 0.00 1.00 1.19 0.00
0.00 0.00 0.00 0.00 0.00 0.00 1.00 1.63 0.00
0.00 0.00 0.00 0.00 0.00 0.00 1.00 1.10 0.00
0.00 0.00 0.00 0.00 0.00 0.00 1.00 1.26 0.00
0.00 0.00 0.00 0.00 0.00 0.00 1.00 1.16 0.00
0.00 0.00 0.00 0.00 0.00 0.00 1.00 1.31 0.00
0.00 0.00 0.00 0.00 0.00 0.00 1.00 1.46 0.00
0.00 0.00 0.00 0.00 0.00 0.00 1.00 1.10 0.00
0.00 0.00 0.00 0.00 0.00 0.00 1.00 1.20 0.00
0.00 0.00 0.00 0.00 0.00 0.00 1.00 1.21 0.00
0.00 0.00 0.00 0.00 0.00 0.00 1.00 1.40 0.00
0.00 0.00 0.00 0.00 0.00 0.00 1.00 1.54 0.00
0.00 0.00 0.00 0.00 0.00 0.00 1.00 1.38 0.00
0.00 0.00 0.00 0.00 0.00 0.00 1.00 1.42 0.00
0.00 0.00 0.00 0.00 0.00 0.00 1.00 1.47 0.00
0.00 0.00 0.00 0.00 0.00 0.00 1.00 1.54 0.00
0.00 0.00 0.00 0.00 0.00 0.00 1.00 1.53 0.00
0.00 0.00 0.00 0.00 0.00 0.00 1.00 1.61 0.00
0.00 0.00 0.00 0.00 0.00 0.00 1.00 1.62 0.00
0.00 0.00 0.00 0.00 0.00 0.00 1.00 1.09 0.00
0.00 0.00 0.00 0.00 0.00 0.00 1.00 1.20 0.00
0.00 0.00 0.00 0.00 0.00 0.00 1.00 1.35 0.00
0.00 0.00 0.00 0.00 0.00 0.00 1.00 1.41 0.00
0.00 0.00 0.00 0.00 0.00 0.00 1.00 1.09 0.00
0.00 0.00 0.00 0.00 0.00 0.00 1.00 1.55 0.00
0.00 0.00 0.00 0.00 0.00 0.00 1.00 1.35 0.00
0.00 0.00 0.00 0.00 0.00 0.00 1.00 1.63 0.00
0.00 0.00 0.00 0.00 0.00 0.00 1.00 1.16 0.00
0.00 0.00 0.00 0.00 0.00 0.00 1.00 1.41 0.00
0.00 0.00 0.00 0.00 0.00 0.00 1.00 1.36 0.00
0.00 0.00 0.00 0.00 0.00 0.00 1.00 1.36 0.00
0.00 0.00 0.00 0.00 0.00 0.00 1.00 1.40 0.00
0.00 0.00 0.00 0.00 0.00 0.00 1.00 1.66 0.00
0.00 0.00 0.00 0.00 0.00 0.00 1.00 1.51 0.00
0.00 0.00 0.00 0.00 0.00 0.00 1.00 1.96 0.00
0.00 0.00 0.00 0.00 0.00 0.00 1.00 1.16 0.00
0.00 0.00 0.00 0.00 0.00 0.00 1.00 1.31 0.00
0.00 0.00 0.00 0.00 0.00 0.00 1.00 1.46 0.00
0.00 0.00 0.00 0.00 0.00 0.00 1.00 1.57 0.00
0.00 0.00 0.00 0.00 0.00 0.00 1.00 1.20 0.00
0.00 0.00 0.00 0.00 0.00 0.00 1.00 1.23 0.00
0.00 0.00 0.00 0.00 0.00 0.00 1.00 1.22 0.00
0.00 0.00 0.00 0.00 0.00 0.00 1.00 1.50 0.00
0.00 0.00 0.00 0.00 0.00 0.00 1.00 1.09 0.00
0.00 0.00 0.00 0.00 0.00 0.00 1.00 1.36 0.00
0.00 0.00 0.00 0.00 0.00 0.00 1.00 1.36 0.00
0.00 0.00 0.00 0.00 0.00 0.00 1.00 1.45 0.00
0.00 0.00 0.00 0.00 0.00 0.00 1.00 1.08 0.00
0.00 0.00 0.00 0.00 0.00 0.00 1.00 1.10 0.00
0.00 0.00 0.00 0.00 0.00 0.00 1.00 1.22 0.00
0.00 0.00 0.00 0.00 0.00 0.00 1.00 1.52 0.00
0.00 0.00 0.00 0.00 0.00 0.00 1.00 1.64 0.00
0.00 0.00 0.00 0.00 0.00 0.00 1.00 1.92 0.00
0.00 0.00 0.00 0.00 0.00 0.00 1.00 1.52 0.00
0.00 0.00 0.00 0.00 0.00 0.00 1.00 1.33 0.00
0.00 0.00 0.00 0.00 0.00 0.00 1.00 1.50 0.00
0.00 0.00 0.00 0.00 0.00 0.00 1.00 2.01 0.00
0.00 0.00 0.00 0.00 0.00 0.00 1.00 1.17 0.00
0.00 0.00 0.00 0.00 0.00 0.00 1.00 1.73 0.00
0.00 0.00 0.00 0.00 0.00 0.00 1.00 0.93 0.00
0.00 0.00 0.00 0.00 0.00 0.00 1.00 1.00 0.00
0.00 0.00 0.00 0.00 0.00 0.00 1.00 1.04 0.00
0.00 0.00 0.00 0.00 0.00 0.00 1.00 1.22 0.00
0.00 0.00 0.00 0.00 0.00 0.00 1.00 1.13 0.00
0.00 0.00 0.00 0.00 0.00 0.00 1.00 0.90 0.00
0.00 0.00 0.00 0.00 0.00 0.00 1.00 1.50 0.00
0.00 0.00 0.00 0.00 0.00 0.00 1.00 0.95 0.00
0.00 0.00 0.00 0.00 0.00 0.00 1.00 0.94 0.00
1.00 0.00 0.00 0.00 0.00 0.00 0.00 0.00 1.00
0.00 1.00 0.00 0.00 0.00 0.00 0.00 0.00 1.00
0.00 0.00 1.00 0.00 0.00 0.00 0.00 0.00 1.00
0.00 0.00 0.00 1.00 0.00 0.00 0.00 0.00 1.00
0.00 0.00 0.00 0.00 1.00 0.00 0.00 0.00 1.00
0.00 0.00 0.00 0.00 0.00 1.00 0.00 0.00 1.00
