recno| Field |RAJ2000|DEJ2000|  ID  |Period|V-I |F160W|e_F160W|Offset|Bias |IMrms|[O/H]|   Flag    |OCat
-----|-------|-------|-------|------|------|----|-----|-------|------|-----|-----|-----|-----------|----
1    |"n4536"|188.59 |2.1683 |27185 |13.0  |0.97|24.91|0.31   |1.64  |0.13 |2.16 |8.54 |" "        |0   
2    |"n4536"|188.604|2.18312|42353 |13.07 |0.73|26.29|0.74   |3.32  |0.37 |4.3  |8.97 |"rej"      |0   
3    |"n4536"|188.584|2.1807 |50718 |13.73 |0.88|24.51|0.42   |0.88  |0.28 |11.4 |8.64 |" "        |0   
4    |"n4536"|188.583|2.197  |72331 |13.91 |0.89|24.84|0.44   |0.07  |0.22 |1.4  |8.81 |" "        |0   
5    |"n4536"|188.59 |2.19545|65694 |14.38 |0.98|25.26|0.38   |2.91  |0.39 |30.8 |8.9  |" "        |0   
6    |"n4536"|188.587|2.18864|58805 |14.44 |1.13|23.41|0.35   |3.94  |0.26 |47.9 |8.78 |"rej"      |0   
7    |"n4536"|188.586|2.18406|53703 |14.53 |0.72|25.38|0.47   |0.63  |0.27 |14.9 |8.72 |" "        |0   
8    |"n4536"|188.592|2.20025|70938 |14.62 |0.64|25.81|0.58   |2.39  |0.3  |17.4 |8.94 |"rej"      |0   
9    |"n4536"|188.594|2.17693|40098 |14.64 |0.95|25.12|0.52   |4.4   |0.63 |12.9 |8.72 |" "        |0   
10   |"n4536"|188.597|2.18489|48539 |15.03 |0.9 |23.53|0.31   |0.46  |0.29 |7.28 |8.89 |"rej"      |0   
11   |"n4536"|188.59 |2.19521|65695 |15.16 |1.03|24.49|0.41   |1.45  |0.26 |19.3 |8.89 |" "        |0   
12   |"n4536"|188.584|2.1935 |66974 |15.65 |1.13|23.43|0.44   |0.85  |0.56 |71.9 |8.79 |"rej"      |0   
13   |"n4536"|188.588|2.19589|67328 |16.24 |0.82|23.98|0.32   |0.76  |0.24 |30.2 |8.87 |" "        |0   
14   |"n4536"|188.593|2.20097|71258 |17.02 |0.82|24.01|0.27   |0.7   |0.22 |23.5 |8.95 |" "        |0   
15   |"n4536"|188.603|2.20339|68306 |17.16 |0.63|24.72|0.19   |1.03  |0.05 |8.53 |8.97 |" "        |0   
16   |"n4536"|188.59 |2.17853|45164 |17.31 |0.93|24.72|0.56   |1.8   |0.43 |7.22 |8.69 |" "        |0   
17   |"n4536"|188.59 |2.18273|50050 |17.56 |1.06|23.58|0.26   |0.69  |0.29 |7.02 |8.75 |"rej"      |0   
18   |"n4536"|188.592|2.19544|64661 |17.65 |0.94|24.29|0.3    |4.48  |0.19 |15.0 |8.92 |" "        |0   
19   |"n4536"|188.585|2.17323|40923 |18.16 |1.06|23.95|0.24   |0.38  |0.01 |18.9 |8.53 |" "        |0   
20   |"n4536"|188.578|2.19021|66029 |18.39 |0.67|24.72|0.24   |1.4   |0.13 |8.38 |8.67 |" "        |0   
21   |"n4536"|188.573|2.19417|75137 |18.67 |0.9 |24.45|0.22   |0.4   |0.05 |8.95 |8.63 |" "        |0   
22   |"n4536"|188.589|2.17226|35584 |18.89 |0.6 |25.24|0.36   |1.13  |0.16 |0.9  |8.58 |"rej"      |0   
23   |"n4536"|188.585|2.18952|60991 |19.01 |0.49|24.6 |0.47   |4.48  |0.44 |45.4 |8.77 |" "        |0   
24   |"n4536"|188.589|2.20092|74017 |19.31 |0.85|25.22|0.5    |0.34  |0.37 |19.2 |8.91 |"rej"      |0   
25   |"n4536"|188.589|2.17081|33174 |19.47 |0.67|24.58|0.25   |0.95  |0.13 |9.05 |8.55 |" "        |0   
26   |"n4536"|188.587|2.17317|38963 |19.6  |1.04|24.38|0.26   |0.69  |0.11 |2.62 |8.57 |" "        |0   
27   |"n4536"|188.59 |2.17361|37037 |19.65 |0.85|24.37|0.25   |2.89  |0.21 |16.2 |8.62 |" "        |0   
28   |"n4536"|188.576|2.18837|65214 |19.69 |0.75|24.13|0.23   |0.18  |0.11 |14.9 |8.61 |" "        |0   
29   |"n4536"|188.598|2.19878|65080 |19.98 |0.76|24.76|0.25   |0.7   |0.16 |20.3 |9.01 |" "        |0   
30   |"n4536"|188.576|2.19187|69821 |20.41 |0.92|24.43|0.21   |0.69  |0.06 |20.9 |8.65 |" "        |0   
31   |"n4536"|188.59 |2.19151|60845 |21.26 |0.75|23.93|0.29   |0.83  |0.14 |13.6 |8.86 |" "        |0   
32   |"n4536"|188.596|2.17595|36586 |21.29 |0.95|25.16|0.61   |3.13  |0.48 |8.65 |8.74 |"rej"      |0   
33   |"n4536"|188.597|2.18182|45000 |21.58 |0.9 |24.39|0.35   |1.71  |0.35 |5.02 |8.85 |" "        |0   
34   |"n4536"|188.588|2.18875|58232 |21.94 |0.89|24.34|0.25   |3.15  |0.24 |11.1 |8.8  |" "        |0   
35   |"n4536"|188.592|2.18304|49022 |22.66 |0.95|24.97|0.62   |3.44  |0.05 |3.38 |8.79 |" "        |0   
36   |"n4536"|188.586|2.18894|60060 |22.68 |1.11|24.8 |0.47   |3.15  |0.36 |22.5 |8.77 |" "        |0   
37   |"n4536"|188.593|2.16838|25262 |22.91 |1.3 |25.05|0.43   |1.45  |0.19 |23.1 |8.58 |"rej"      |0   
38   |"n4536"|188.583|2.1854 |57215 |23.21 |0.91|24.48|0.34   |1.05  |0.12 |16.9 |8.68 |" "        |0   
39   |"n4536"|188.585|2.19171|64002 |24.31 |1.2 |23.77|0.31   |4.71  |0.25 |52.0 |8.79 |" "        |0   
40   |"n4536"|188.599|2.20055|67162 |24.43 |0.96|24.02|0.18   |0.5   |0.07 |13.2 |9.0  |" "        |0   
41   |"n4536"|188.587|2.18386|52964 |28.05 |1.17|23.18|0.24   |0.94  |0.08 |50.9 |8.73 |"rej"      |0   
42   |"n4536"|188.591|2.18233|49080 |28.74 |0.97|23.89|0.32   |0.83  |0.15 |5.33 |8.76 |" "        |0   
43   |"n4536"|188.587|2.18716|56988 |29.06 |0.47|23.74|0.35   |1.96  |0.22 |29.3 |8.77 |" "        |0   
44   |"n4536"|188.598|2.17839|39040 |29.98 |1.12|23.48|0.36   |0.72  |0.28 |21.8 |8.81 |" "        |0   
45   |"n4536"|188.593|2.18398|49524 |30.2  |1.11|24.32|0.5    |6.19  |0.37 |19.9 |8.82 |" "        |0   
46   |"n4536"|188.592|2.16953|28024 |30.22 |1.13|24.14|0.26   |1.55  |0.1  |35.7 |8.58 |" "        |0   
47   |"n4536"|188.593|2.16817|24880 |30.23 |1.05|24.65|0.29   |1.57  |0.07 |8.61 |8.57 |"rej"      |0   
48   |"n4536"|188.598|2.1834 |46407 |31.32 |1.0 |23.55|0.21   |1.05  |0.12 |9.07 |8.89 |" "        |0   
49   |"n4536"|188.591|2.17663|41282 |32.94 |0.97|23.21|0.26   |0.5   |0.18 |3.49 |8.69 |" "        |0   
50   |"n4536"|188.583|2.19109|64465 |35.16 |0.9 |22.9 |0.24   |0.56  |0.16 |4.45 |8.75 |"rej"      |0   
51   |"n4536"|188.587|2.18693|56960 |35.88 |1.09|23.56|0.29   |0.17  |0.21 |29.6 |8.76 |" "        |0   
52   |"n4536"|188.588|2.18631|55447 |37.27 |0.92|23.91|0.32   |0.41  |0.23 |18.7 |8.77 |" "        |0   
53   |"n4536"|188.578|2.19303|70171 |37.59 |0.95|23.49|0.17   |0.31  |0.08 |23.0 |8.69 |" "        |0   
54   |"n4536"|188.605|2.19774|59779 |39.62 |0.75|24.23|0.16   |0.31  |0.05 |8.52 |9.05 |"rej"      |0   
55   |"n4536"|188.59 |2.20194|74682 |42.66 |1.04|23.1 |0.19   |0.07  |0.12 |11.2 |8.92 |" "        |0   
56   |"n4536"|188.587|2.17143|35530 |42.93 |1.06|24.1 |0.19   |1.15  |0.06 |9.11 |8.54 |"rej"      |0   
57   |"n4536"|188.587|2.18828|58154 |49.38 |0.78|22.97|0.22   |0.2   |0.1  |38.5 |8.79 |" "        |0   
58   |"n4536"|188.599|2.19737|62963 |50.04 |1.09|23.47|0.14   |0.27  |0.02 |1.93 |9.02 |" "        |0   
59   |"n4536"|188.583|2.17335|42055 |50.67 |1.02|23.31|0.14   |0.86  |0.02 |4.32 |8.52 |" "        |0   
60   |"n4536"|188.584|2.19363|66973 |52.41 |0.75|22.79|0.21   |0.14  |0.19 |0.88 |8.79 |" "        |0   
61   |"n4536"|188.582|2.19568|71233 |54.45 |1.0 |22.52|0.16   |0.5   |0.07 |9.93 |8.78 |"rej"      |0   
62   |"n4536"|188.583|2.17743|47585 |54.53 |0.97|22.68|0.12   |0.34  |0.03 |13.8 |8.57 |"rej"      |0   
63   |"n4536"|188.599|2.19942|65517 |60.16 |1.13|22.93|0.13   |0.44  |0.07 |20.7 |9.01 |" "        |0   
64   |"n4536"|188.589|2.20044|73471 |64.74 |1.04|21.34|0.16   |0.27  |0.06 |37.9 |8.9  |"rej"      |0   
65   |"n4536"|188.588|2.19976|72937 |66.23 |0.94|23.1 |0.2    |0.61  |0.09 |21.9 |8.89 |" "        |1   
66   |"n4536"|188.6  |2.18247|44078 |111.9 |0.9 |22.61|0.13   |0.56  |0.04 |9.95 |8.9  |"rej"      |0   
67   |"n4536"|188.597|2.18476|48663 |119.1 |1.14|22.21|0.12   |0.44  |0.03 |21.8 |8.88 |" "        |0   
68   |"n4536"|188.587|2.18864|58929 |158.1 |1.09|21.79|0.12   |0.02  |0.02 |22.6 |8.78 |" "        |0   
69   |"n4536"|188.592|2.18447|51147 |187.2 |1.25|21.87|0.18   |0.99  |0.04 |30.4 |8.8  |"rej"      |0   
70   |"n4639"|190.711|13.2572|93194 |16.35 |0.98|24.31|0.54   |2.07  |0.77 |15.9 |9.13 |"rej,low P"|0   
71   |"n4639"|190.729|13.2625|38185 |16.54 |0.75|26.05|0.46   |3.75  |0.26 |8.97 |8.9  |"low P"    |0   
72   |"n4639"|190.731|13.2706|39515 |18.12 |0.97|25.18|0.15   |0.83  |-0.02|4.07 |8.57 |"low P"    |0   
73   |"n4639"|190.726|13.2502|36306 |19.42 |0.85|24.18|0.46   |2.33  |0.31 |22.1 |9.05 |"rej,low P"|0   
74   |"n4639"|190.707|13.2693|111466|19.6  |0.97|24.66|0.31   |2.93  |0.18 |15.8 |8.86 |"low P"    |0   
75   |"n4639"|190.731|13.261 |33734 |21.69 |0.86|24.58|0.3    |0.3   |0.15 |0.26 |8.88 |" "        |0   
76   |"n4639"|190.726|13.257 |42674 |21.82 |0.86|25.51|0.73   |2.38  |0.43 |23.0 |9.14 |" "        |0   
77   |"n4639"|190.725|13.2588|45895 |21.89 |0.95|24.51|0.43   |5.73  |0.42 |8.56 |9.13 |" "        |0   
78   |"n4639"|190.705|13.2507|102787|22.38 |1.0 |25.18|0.32   |2.48  |0.11 |17.7 |8.77 |" "        |0   
79   |"n4639"|190.715|13.249 |70860 |24.25 |1.05|24.68|0.59   |5.88  |0.44 |19.3 |8.97 |" "        |0   
80   |"n4639"|190.721|13.2473|46993 |24.9  |1.1 |24.71|0.48   |1.09  |0.42 |19.5 |8.98 |" "        |1   
81   |"n4639"|190.724|13.2507|41122 |25.8  |0.92|23.87|0.35   |5.19  |0.69 |49.5 |9.1  |"rej"      |0   
82   |"n4639"|190.724|13.2492|39959 |26.99 |0.9 |25.52|0.67   |1.16  |0.28 |15.9 |9.05 |"rej"      |2   
83   |"n4639"|190.721|13.2648|64316 |27.14 |0.93|23.82|0.6    |0.37  |0.41 |1.85 |9.03 |"rej"      |0   
84   |"n4639"|190.726|13.2481|34553 |29.19 |0.72|25.18|0.49   |1.58  |0.2  |4.07 |8.98 |" "        |0   
85   |"n4639"|190.709|13.2699|107795|30.02 |0.87|24.81|0.28   |0.17  |0.19 |15.0 |8.87 |" "        |0   
86   |"n4639"|190.719|13.268 |78588 |30.84 |0.78|24.37|0.36   |0.66  |0.13 |15.3 |8.93 |" "        |0   
87   |"n4639"|190.716|13.2761|97020 |30.9  |1.13|25.24|0.14   |0.69  |0.01 |0.56 |8.63 |"rej"      |0   
88   |"n4639"|190.733|13.2565|27312 |33.04 |0.82|24.21|0.2    |0.75  |0.06 |9.54 |8.88 |" "        |2   
89   |"n4639"|190.71 |13.2495|89925 |33.44 |0.75|24.93|0.26   |0.41  |0.14 |2.61 |8.87 |" "        |0   
90   |"n4639"|190.724|13.2547|45055 |35.0  |0.87|23.75|0.43   |2.88  |0.46 |53.5 |9.19 |" "        |0   
91   |"n4639"|190.723|13.2584|50944 |35.16 |0.97|24.17|0.61   |1.86  |0.43 |20.9 |9.2  |" "        |0   
92   |"n4639"|190.726|13.243 |32876 |36.41 |1.04|23.83|0.32   |2.73  |-0.1 |16.4 |8.81 |" "        |0   
93   |"n4639"|190.715|13.2566|81322 |38.15 |0.88|24.99|0.81   |6.21  |0.49 |49.7 |9.25 |"rej"      |0   
94   |"n4639"|190.711|13.2523|87883 |40.9  |0.88|23.52|0.32   |1.02  |0.23 |10.6 |9.01 |" "        |0   
95   |"n4639"|190.705|13.2679|114011|41.18 |0.92|23.95|0.23   |0.23  |0.08 |16.8 |8.86 |" "        |1   
96   |"n4639"|190.717|13.2535|65236 |41.36 |0.78|25.04|0.8    |4.98  |0.67 |62.6 |9.2  |"rej"      |0   
97   |"n4639"|190.733|13.2561|26954 |43.75 |0.94|23.88|0.2    |1.98  |0.09 |17.4 |8.88 |" "        |2   
98   |"n4639"|190.715|13.2524|76749 |45.67 |1.06|24.23|0.67   |3.35  |0.45 |26.6 |9.1  |" "        |0   
99   |"n4639"|190.704|13.2685|115343|48.34 |1.15|24.44|0.24   |0.11  |0.15 |10.9 |8.84 |" "        |1   
100  |"n4639"|190.718|13.274 |86917 |48.91 |1.03|23.98|0.11   |0.18  |0.0  |7.92 |8.69 |" "        |1   
