|name      |ra           |dec          |parallax|hip_number|parallax_error|var_period|H_mag|sig_Hmag|
|HIP 47854 |09 45 14.8276|-62 30 28.524|    2.64|     47854|          0.47|     35.56|1.210|  |
|HIP 26069 |05 33 37.5164|-62 29 23.481|    3.14|     26069|          0.59|      9.84|2.029|   
|HIP 88567 |18 05 01.2225|-29 34 48.274|    1.57|     88567|          0.93|      7.59| 2.87| 
|HIP 93124 |18 58 14.7473|+17 21 39.371|    1.32|     93124|          0.72|      4.47|3.575|
|HIP 87072 |17 47 33.6271|-27 49 50.745|    3.03|     87072|          0.94|      7.01|2.575|
|HIP 89968 |18 21 22.9885|-18 51 35.941|    2.52|     89968|          0.93|      5.77|3.695|
|HIP 102949|20 51 28.2354|+28 15 01.867|    1.95|    102949|          0.60|      4.44|4.259|
|HIP 34088 |07 04 06.5354|+20 34 13.078|    2.79|     34088|          0.81|     10.15| 2.18|
|HIP 110991|22 29 10.2479|+58 24 54.684|    3.32|    110991|          0.58|      5.37|2.382|
|HIP 30827 |06 28 34.0887|+30 29 35.052|    2.09|     30827|          0.89|      3.73|3.961|